1 36
2 37
3 38
4 39
5 40
6 41
7 42
8 43
9 44
10 45
11 46
12 47
13 48
14 49
15 50
16 51
17 52
18 53
19 54
20 55
21 56
22 57
23 58
24 59
25 60
26 61
27 62
28 63
29 64
30 65
31 66
32 67
33 68
34 69
35 70
36 71
36 72
37 71
37 73
38 71
39 74
40 74
41 74
42 76
43 76
44 77
45 78
46 78
47 85
48 85
49 85
50 87
51 87
52 89
53 94
54 94
55 100
56 100
57 100
58 100
59 144
60 144
61 141
62 147
62 148
62 150
63 160
64 167
64 168
65 167
65 169
66 177
66 178
67 177
67 178
67 179
68 179
69 180
69 184
70 221
71 74
71 78
71 80
71 97
71 118
72 73
72 82
73 81
74 75
74 76
74 77
75 208
76 78
78 79
78 123
80 84
81 83
82 83
83 95
84 85
84 104
85 86
85 93
86 89
87 88
87 89
89 90
89 91
89 95
89 101
92 93
92 94
92 99
92 104
93 98
94 97
94 104
94 122
95 96
100 102
100 105
102 103
103 116
104 105
104 118
104 123
105 106
105 116
106 129
107 108
108 118
109 110
109 118
111 112
111 118
113 114
113 115
113 118
116 117
116 131
118 119
118 122
119 120
119 139
119 140
120 121
123 124
123 127
123 128
124 125
124 147
125 126
129 130
129 133
131 132
133 134
135 136
135 137
137 138
137 139
140 143
141 142
141 143
143 144
144 145
144 146
147 161
148 149
148 151
152 153
152 156
152 161
153 154
153 155
156 157
156 158
158 159
159 160
161 162
161 165
162 163
162 164
165 166
165 167
167 170
170 171
170 172
172 173
172 177
173 174
173 180
174 175
174 176
177 212
180 181
180 182
180 183
182 188
183 185
184 188
185 189
186 189
187 189
188 189
188 190
191 193
191 194
191 197
191 212
192 193
194 195
195 196
195 221
197 199
197 202
198 199
198 200
199 201
202 203
202 206
203 204
203 205
203 207
206 208
208 209
209 210
209 211
212 213
213 223
214 223
215 223
216 223
217 223
218 223
219 223
220 224
221 222
223 224
