1 297
1 453
1 515
1 699
2 47
2 218
2 283
2 476
2 478
2 489
2 622
2 664
3 166
3 457
3 543
3 617
3 688
4 97
4 154
4 175
4 363
4 662
5 92
5 121
5 198
5 412
6 80
6 285
6 407
6 507
7 157
7 162
7 164
7 197
7 494
7 568
8 33
8 112
8 148
8 323
8 603
8 675
9 77
9 215
9 314
9 377
9 619
10 120
10 374
10 684
11 173
11 246
11 335
11 400
11 488
11 499
11 500
11 521
11 615
11 627
12 234
12 425
12 642
13 281
13 350
13 557
13 592
14 225
14 250
14 527
14 534
14 652
15 38
15 42
15 468
15 604
16 101
16 161
16 219
16 473
16 479
16 484
16 516
16 558
17 21
17 49
17 75
17 147
17 443
18 125
18 405
18 438
18 535
19 249
19 318
19 588
19 648
20 169
20 233
20 672
21 75
21 199
21 345
21 530
22 105
22 128
22 194
22 428
22 460
22 690
23 291
23 299
23 344
23 365
23 409
23 469
24 70
24 276
24 310
24 682
25 217
25 685
26 277
26 462
26 520
26 593
27 283
27 649
27 670
28 79
28 217
29 120
29 136
29 414
30 83
30 288
30 398
30 480
30 526
30 565
30 607
30 677
30 696
31 86
31 238
31 264
31 402
31 433
32 264
32 411
32 435
33 43
33 112
33 148
33 323
33 603
33 675
34 608
35 196
35 221
35 581
36 90
36 262
36 384
36 454
36 476
36 537
37 40
37 269
37 302
37 353
37 593
37 702
38 42
38 203
38 382
39 63
39 91
39 326
39 549
40 269
40 353
40 593
41 336
41 366
42 48
42 203
42 382
42 604
42 678
42 698
43 148
43 323
43 548
43 603
43 675
44 629
45 419
45 424
45 685
46 519
46 596
46 626
47 218
47 283
47 293
47 354
47 489
47 664
47 687
48 65
48 359
48 438
48 630
48 678
48 698
49 443
49 513
50 58
50 84
50 145
50 331
50 474
50 540
51 57
51 220
51 296
51 594
52 189
52 270
52 315
52 496
53 135
53 258
53 348
53 362
53 416
53 448
53 618
53 657
54 66
54 523
54 548
55 68
55 152
55 189
55 315
55 420
55 701
56 214
56 309
56 373
56 406
56 607
57 220
57 390
57 594
58 84
58 271
58 474
59 444
59 511
59 643
59 646
60 98
60 206
60 509
60 552
60 583
60 669
61 320
61 391
61 414
61 528
62 91
62 326
62 407
63 300
63 549
63 605
64 351
64 510
64 534
64 668
65 263
65 359
65 604
65 630
65 698
66 523
66 548
67 457
67 617
68 108
68 152
68 189
68 315
68 352
68 502
68 701
69 71
69 159
69 244
69 584
70 276
70 310
70 467
70 636
70 661
71 159
71 193
71 332
71 411
71 430
71 584
71 602
72 162
72 164
72 197
72 358
72 494
72 501
73 386
73 387
73 690
74 102
74 179
74 181
74 213
74 459
74 598
74 633
75 147
75 199
75 345
75 530
76 463
76 545
77 215
77 314
77 377
77 449
77 619
78 226
78 313
78 505
79 116
79 389
79 643
80 285
80 407
80 507
81 95
81 115
81 153
81 228
81 301
81 623
82 191
82 257
82 479
82 518
82 566
82 654
83 288
83 480
84 271
84 474
85 209
85 222
85 268
85 445
85 517
85 578
86 355
86 402
86 659
87 163
87 251
87 493
87 524
87 557
88 216
88 260
88 455
88 577
88 590
88 688
89 170
89 210
89 465
89 613
89 667
90 216
90 384
90 413
90 454
91 326
92 328
92 412
92 571
93 265
93 379
93 514
93 591
93 606
94 172
94 256
94 294
94 378
94 403
95 182
95 228
95 301
96 127
96 200
96 327
96 436
97 127
97 154
97 175
97 200
97 223
97 327
97 363
97 599
98 206
98 509
98 583
98 669
99 149
99 237
99 370
99 482
99 683
100 160
100 237
100 291
100 365
100 370
100 409
101 227
101 334
101 473
101 484
101 516
101 625
102 119
102 178
102 213
102 459
102 541
102 633
103 349
104 551
104 655
105 194
105 428
106 295
107 380
107 609
107 610
107 679
108 152
108 243
108 352
108 391
108 420
108 502
108 528
109 167
109 204
109 356
109 396
109 609
110 136
110 182
110 352
111 447
111 560
111 674
113 176
113 241
113 278
113 306
113 375
113 394
113 466
114 132
114 297
114 357
114 576
115 247
115 573
115 623
116 205
116 389
117 201
117 464
117 531
117 551
117 655
118 165
118 177
118 253
118 447
118 560
118 674
119 178
119 412
119 633
120 374
120 684
121 198
121 412
121 421
121 600
122 232
122 240
122 272
122 689
123 221
123 324
123 581
124 157
124 201
125 193
125 244
125 332
125 401
125 405
125 440
126 140
126 289
126 381
126 458
126 651
127 200
127 223
127 327
127 595
127 599
128 142
128 194
128 387
128 460
128 690
129 192
129 230
129 385
129 553
129 640
130 397
130 471
130 638
130 647
131 174
131 187
131 372
132 174
132 186
132 187
132 254
133 171
133 361
133 404
134 184
134 432
134 449
134 477
134 663
135 348
135 416
135 448
135 618
135 642
135 657
136 182
136 243
136 414
137 239
137 259
137 298
138 204
138 282
138 360
138 383
138 399
139 173
139 224
139 246
139 488
139 499
139 500
139 627
140 289
140 651
140 666
141 181
141 312
141 339
141 343
141 587
142 232
142 248
142 431
142 546
142 601
142 689
142 700
143 190
143 686
144 584
145 263
145 331
145 540
145 604
146 165
146 177
146 253
146 407
146 507
146 538
147 345
147 443
147 450
148 323
148 603
148 675
149 608
149 683
150 212
150 234
150 280
150 429
150 492
150 498
150 628
151 699
152 352
152 420
152 502
152 701
153 623
153 634
154 175
154 363
154 662
155 330
155 504
155 570
156 314
156 328
157 494
157 568
158 253
158 317
158 507
158 538
159 193
159 411
159 430
159 584
159 602
160 237
160 284
160 365
160 370
160 409
160 482
160 632
161 219
161 473
161 479
161 484
161 516
161 518
161 558
161 654
162 197
162 494
162 501
163 251
163 426
163 493
163 524
163 684
164 197
164 358
164 676
165 177
165 253
165 322
165 507
165 538
166 457
166 617
166 688
167 204
167 356
167 609
168 552
168 597
169 176
169 233
169 394
169 475
169 672
170 210
170 525
170 586
170 613
170 667
171 361
171 446
171 645
172 256
172 294
172 368
172 403
172 686
173 335
173 400
173 488
173 521
173 556
173 612
173 615
173 627
174 186
174 187
174 372
175 363
175 536
175 599
175 662
176 278
176 306
176 375
176 394
177 253
177 322
178 541
178 633
179 290
179 459
179 598
180 305
180 470
180 475
181 213
181 339
181 587
182 228
183 325
183 386
183 444
183 511
183 643
184 432
184 449
184 477
184 663
185 260
185 455
185 585
185 590
185 688
186 187
186 254
186 372
187 254
187 372
188 279
188 292
188 312
188 427
189 315
189 701
190 686
191 473
191 479
191 518
191 566
191 654
192 255
192 339
192 343
192 574
193 244
193 332
193 401
193 405
193 430
193 544
194 428
194 460
194 700
195 223
195 423
195 536
195 595
196 221
196 281
196 557
196 581
196 658
197 358
197 494
197 501
198 236
198 341
198 421
199 345
199 428
199 530
199 641
200 223
200 327
200 436
200 595
200 599
201 531
201 631
201 650
202 329
202 372
202 564
202 673
203 382
204 282
204 356
204 383
204 609
205 389
205 624
205 653
206 230
206 509
206 583
206 640
206 669
207 233
207 238
207 264
207 435
207 672
208 267
208 338
208 441
208 546
209 222
209 268
209 578
210 465
210 508
210 525
210 613
210 667
211 486
211 611
211 656
212 261
212 280
212 298
212 492
212 628
213 459
213 598
213 633
214 309
214 373
214 526
214 565
214 607
215 314
215 377
215 619
216 454
216 577
216 590
218 283
218 354
218 476
218 489
218 622
218 649
218 664
219 473
219 484
219 558
220 390
220 594
221 324
221 581
221 658
222 268
222 445
222 578
222 580
223 327
223 423
223 536
223 595
223 599
224 292
224 488
224 612
225 304
225 503
225 527
225 652
226 313
226 483
226 505
226 676
227 334
227 542
227 625
228 301
228 623
229 666
229 680
230 339
230 385
230 509
230 553
230 640
231 330
231 478
231 491
232 248
232 275
232 641
232 689
232 700
233 435
233 475
233 672
234 280
234 425
234 429
234 628
234 637
235 293
235 354
235 532
235 616
235 687
236 307
236 341
236 371
236 421
236 439
236 639
237 370
238 264
238 433
238 435
239 442
240 321
241 506
241 508
241 667
242 317
242 692
243 352
243 391
243 414
243 502
243 528
244 332
244 405
244 440
245 550
245 560
246 335
246 400
246 499
246 500
246 627
247 573
247 606
247 623
248 431
248 601
248 689
248 700
249 318
249 588
249 648
251 369
251 426
251 493
251 524
251 684
252 337
253 447
253 507
253 538
254 267
254 441
254 576
255 292
255 343
255 574
255 612
256 294
256 378
256 403
256 686
257 479
257 518
257 566
257 567
257 654
258 393
258 416
258 448
258 620
258 657
258 691
259 298
259 695
260 455
260 577
260 590
261 487
261 492
261 626
262 287
262 384
262 481
262 537
262 561
262 662
263 604
264 402
264 433
264 659
265 379
265 514
265 591
265 606
266 404
266 554
266 569
266 697
267 329
267 338
267 441
268 445
268 578
268 580
269 302
269 593
269 702
270 344
270 410
270 469
271 468
272 515
273 392
273 458
274 554
274 562
275 337
275 641
275 689
276 310
276 636
276 661
277 550
277 593
278 306
278 375
278 394
279 312
279 415
279 427
279 541
279 644
280 429
280 492
280 628
281 557
281 658
282 307
282 356
282 383
282 439
283 354
283 476
283 489
283 622
283 649
283 664
284 286
284 308
284 365
284 370
284 482
284 632
284 660
285 480
285 665
286 308
286 365
286 482
286 632
286 660
287 481
287 622
287 649
288 398
288 480
288 526
288 565
288 677
288 696
289 381
289 472
289 651
289 666
290 598
291 299
291 344
291 365
291 409
292 612
293 354
293 532
293 616
293 687
294 368
294 378
294 403
295 525
296 523
297 453
297 515
297 699
298 492
298 596
299 344
299 365
299 409
300 495
300 549
300 605
301 623
302 702
303 591
304 652
305 432
305 470
305 475
305 477
306 375
306 394
307 439
307 639
308 367
308 632
308 660
309 373
309 406
310 311
310 467
310 497
310 636
310 661
311 497
311 636
311 661
313 483
313 505
313 676
314 377
314 619
315 701
316 347
316 399
316 575
317 692
318 533
318 588
318 648
319 395
319 532
319 616
320 391
320 528
321 346
322 582
323 603
323 675
323 680
324 581
324 589
325 386
325 460
326 398
326 526
326 607
327 436
327 595
327 599
328 412
328 571
330 504
330 570
331 540
332 401
332 405
332 430
332 544
333 519
333 629
334 516
335 400
335 488
335 499
335 500
335 521
335 562
335 615
335 627
337 641
338 441
338 546
339 343
339 587
339 640
340 413
340 491
341 421
341 506
342 410
342 469
342 533
343 587
344 409
344 469
345 530
347 360
347 399
347 563
347 597
348 416
348 448
348 618
348 642
348 657
349 440
350 592
351 434
351 510
351 534
351 668
352 502
352 701
353 593
354 664
354 687
355 402
355 659
356 609
357 431
357 546
357 576
358 452
358 676
359 401
359 408
359 621
359 630
360 383
360 399
360 563
361 404
362 448
363 536
363 599
364 472
364 512
364 680
365 370
365 482
365 632
366 564
366 673
367 580
368 403
368 637
369 426
369 483
369 493
369 524
370 409
370 482
371 421
371 600
371 639
372 564
372 673
373 406
373 565
373 607
375 394
376 451
376 485
376 555
376 614
376 635
377 449
377 619
378 403
378 461
379 514
379 591
379 606
380 396
380 418
380 586
380 609
380 610
381 458
383 399
384 454
384 476
384 622
385 553
385 640
386 387
386 460
386 690
387 460
387 690
388 575
390 513
391 414
391 502
391 528
392 458
393 416
393 448
393 614
393 620
393 657
393 691
395 532
395 670
396 586
397 415
397 427
397 471
397 644
398 526
398 607
398 677
399 563
400 488
400 499
400 500
400 521
400 556
400 615
400 627
401 405
401 544
401 630
402 659
404 569
404 697
405 440
406 486
407 507
407 538
408 544
408 579
408 621
410 469
410 533
411 602
411 659
412 571
412 600
413 454
413 491
414 528
415 541
415 644
416 448
416 614
416 618
416 620
416 657
416 691
417 519
418 543
418 585
418 610
418 679
419 685
420 502
420 701
421 600
421 639
422 540
422 686
423 536
423 595
423 599
424 572
425 642
426 493
426 524
427 644
428 700
429 498
429 628
430 544
430 602
430 681
431 546
431 601
431 689
432 470
432 477
432 571
432 663
434 510
435 672
436 683
437 467
437 572
438 535
438 678
439 639
441 576
442 665
443 450
443 513
444 511
444 643
444 646
445 578
445 580
447 560
447 674
448 618
448 620
448 657
448 691
449 619
449 663
450 559
450 682
451 485
451 555
451 614
451 635
452 483
453 699
454 476
454 489
455 577
455 590
455 688
456 696
457 529
457 547
457 561
457 617
457 688
459 598
459 633
460 690
461 462
461 520
462 520
462 550
464 551
464 655
466 470
466 506
467 572
467 636
467 661
469 533
469 648
470 477
471 644
472 512
473 479
473 484
473 516
473 558
473 654
475 672
476 489
476 622
476 664
477 571
477 663
478 489
478 570
479 518
479 558
479 566
479 567
479 654
480 665
480 677
481 622
481 649
482 632
482 660
484 516
484 558
485 512
485 555
486 611
486 656
487 490
487 693
488 499
488 500
488 612
488 627
489 622
489 664
490 693
492 628
493 524
494 501
494 568
495 694
496 522
496 573
497 636
497 661
498 692
499 500
499 627
500 627
502 701
503 527
503 605
503 652
503 694
504 570
505 539
506 508
507 538
508 545
508 613
508 667
509 583
509 640
509 669
510 668
511 643
511 646
514 591
514 606
516 558
518 566
518 567
518 654
519 629
521 554
521 556
521 569
521 615
521 627
521 645
521 697
522 573
524 684
525 545
525 613
526 565
526 607
526 677
527 534
527 605
527 652
529 537
529 547
529 561
529 662
530 641
531 551
531 631
531 650
532 616
533 588
533 648
534 668
536 599
537 547
537 561
537 662
541 633
542 625
544 579
544 621
544 681
545 613
545 667
546 601
547 561
547 662
549 605
551 655
552 563
552 597
553 640
554 562
554 569
554 697
555 614
555 635
556 615
556 645
558 654
559 638
559 682
560 674
561 662
562 569
562 697
563 597
564 673
565 607
565 677
565 696
566 567
566 654
567 634
567 654
569 697
570 687
572 636
572 661
573 606
577 590
578 580
579 621
579 681
581 658
583 669
585 610
585 679
588 648
590 688
595 599
596 626
602 681
603 675
604 698
607 677
610 679
611 656
613 667
614 620
614 635
614 691
615 627
615 645
617 688
618 657
618 691
620 657
620 691
622 649
622 664
624 653
630 678
630 698
631 650
632 660
636 661
638 647
641 689
641 700
643 646
649 664
651 666
657 691
658 671
678 698
689 700
